85.0000 0.0000 0.0000 0.0000 0.0000 0.0000 0.0000 0.0000 0.0000 0.0000
81.0000 83.0000 0.0000 0.0000 0.0000 0.0000 0.0000 0.0000 0.0000 0.0000
80.0000 77.0000 84.0000 0.0000 0.0000 0.0000 0.0000 0.0000 0.0000 0.0000
79.0000 75.0000 78.0000 85.0000 0.0000 0.0000 0.0000 0.0000 0.0000 0.0000
79.0000 75.0000 76.0000 77.0000 84.0000 0.0000 0.0000 0.0000 0.0000 0.0000
78.0000 74.0000 75.0000 76.0000 77.0000 84.0000 0.0000 0.0000 0.0000 0.0000
77.0000 74.0000 74.0000 74.0000 75.0000 79.0000 85.0000 0.0000 0.0000 0.0000
77.0000 73.0000 74.0000 73.0000 74.0000 76.0000 79.0000 86.0000 0.0000 0.0000
76.0000 72.0000 73.0000 74.0000 74.0000 75.0000 77.0000 80.0000 84.0000 0.0000
0.0000 0.0000 0.0000 0.0000 0.0000 0.0000 0.0000 0.0000 0.0000 0.0000
