82.0000 0.0000 0.0000 0.0000 0.0000 0.0000 0.0000 0.0000 0.0000 0.0000
80.0000 85.0000 0.0000 0.0000 0.0000 0.0000 0.0000 0.0000 0.0000 0.0000
76.0000 77.0000 92.0000 0.0000 0.0000 0.0000 0.0000 0.0000 0.0000 0.0000
76.0000 72.0000 89.0000 87.0000 0.0000 0.0000 0.0000 0.0000 0.0000 0.0000
75.0000 69.0000 87.0000 79.0000 88.0000 0.0000 0.0000 0.0000 0.0000 0.0000
73.0000 67.0000 87.0000 76.0000 79.0000 88.0000 0.0000 0.0000 0.0000 0.0000
72.0000 66.0000 85.0000 73.0000 75.0000 78.0000 82.0000 0.0000 0.0000 0.0000
70.0000 66.0000 84.0000 71.0000 73.0000 75.0000 70.0000 88.0000 0.0000 0.0000
71.0000 63.0000 82.0000 70.0000 75.0000 73.0000 67.0000 79.0000 85.0000 0.0000
0.0000 0.0000 0.0000 0.0000 0.0000 0.0000 0.0000 0.0000 0.0000 0.0000
