85.0000 0.0000 0.0000 0.0000 0.0000 0.0000 0.0000 0.0000 0.0000 0.0000
76.0000 78.0000 0.0000 0.0000 0.0000 0.0000 0.0000 0.0000 0.0000 0.0000
74.0000 70.0000 78.0000 0.0000 0.0000 0.0000 0.0000 0.0000 0.0000 0.0000
72.0000 68.0000 68.0000 78.0000 0.0000 0.0000 0.0000 0.0000 0.0000 0.0000
71.0000 66.0000 67.0000 68.0000 77.0000 0.0000 0.0000 0.0000 0.0000 0.0000
0.0000 0.0000 0.0000 0.0000 0.0000 0.0000 0.0000 0.0000 0.0000 0.0000
0.0000 0.0000 0.0000 0.0000 0.0000 0.0000 0.0000 0.0000 0.0000 0.0000
0.0000 0.0000 0.0000 0.0000 0.0000 0.0000 0.0000 0.0000 0.0000 0.0000
0.0000 0.0000 0.0000 0.0000 0.0000 0.0000 0.0000 0.0000 0.0000 0.0000
0.0000 0.0000 0.0000 0.0000 0.0000 0.0000 0.0000 0.0000 0.0000 0.0000
