93.0000 0.0000 0.0000 0.0000 0.0000 0.0000 0.0000 0.0000 0.0000 0.0000
91.0000 91.0000 0.0000 0.0000 0.0000 0.0000 0.0000 0.0000 0.0000 0.0000
91.0000 86.0000 90.0000 0.0000 0.0000 0.0000 0.0000 0.0000 0.0000 0.0000
91.0000 87.0000 80.0000 86.0000 0.0000 0.0000 0.0000 0.0000 0.0000 0.0000
90.0000 86.0000 82.0000 70.0000 81.0000 0.0000 0.0000 0.0000 0.0000 0.0000
89.0000 83.0000 81.0000 72.0000 63.0000 88.0000 0.0000 0.0000 0.0000 0.0000
86.0000 86.0000 81.0000 72.0000 63.0000 68.0000 84.0000 0.0000 0.0000 0.0000
85.0000 85.0000 79.0000 73.0000 62.0000 68.0000 72.0000 89.0000 0.0000 0.0000
83.0000 83.0000 78.0000 71.0000 62.0000 63.0000 69.0000 73.0000 84.0000 0.0000
0.0000 0.0000 0.0000 0.0000 0.0000 0.0000 0.0000 0.0000 0.0000 0.0000
